function [reMap] = TNC_CreateReMapMatrix(elecDescrip)
% FUNCTION DETAILS: Create a matrix of correct channel indexes in sequence. Using this function a user can generate an ordered list of remappings that can be used in visualization functions.
% _________________________________________________________________________
% PART OF THE TONIC PACKAGE
%   developed by JOSHUA DUDMAN
%   begun at COLUMBIA UNIVERSITY, continuing at HHMI / JFRC
% 
% BUG REPORTING: dudman.web@gmail.com
% CONTRIBUTIONS: people.janelia.org/dudmanj/html/projects.html
% _________________________________________________________________________

switch lower(elecDescrip)
    
    case {'a64_8shank'}
        % for the a64 8 shank probes:
        reMap = ...
        [5,13,21,29,37,45,53,61;...
         4,12,20,28,36,44,52,60;...
         6,14,22,30,38,46,54,62;...
         3,11,19,27,35,43,51,59;...
         7,15,23,31,39,47,55,63;...
         2,10,18,26,34,42,50,58;...
         8,16,24,32,40,48,56,64;...
         1,9,17,25,33,41,49,57];
     
    case {'a64_BUZSAKI'}
        reMap = [...
        27,24,16,8,33,64,54,46;...
        19,11,1,32,57,49,41,38;...
        25,17,9,6,34,55,47,39;...
        26,18,10,31,59,56,48,40;...
        29,22,14,2,35,62,52,44;...
        21,13,3,30,63,51,43,36;...
        23,15,7,4,60,53,45,37;...
        28,20,2,5,61,58,50,42];

    case {'a64_WIDE'}
        reMap = [...
        28,20,2,5,61,58,50,42;...
        23,15,7,4,60,53,45,37;...
        21,13,3,30,63,51,43,36;...
        29,22,14,2,35,62,52,44;...
        26,18,10,31,59,56,48,40;...
        25,17,9,6,34,55,47,39;...
        19,11,1,32,57,49,41,38;...
        27,24,16,8,33,64,54,46];

    otherwise
        error('Electrode type was not recognized; see the associated help text');
end

